804  0.5247   0.00258201  9.83229   0.956261
805  0.421133 0.00223325  3.52478   0.572067
1004 0.497742 0.00124623  2.34213   0.233124
1005 0.396008 0.00107319  0.695681  0.127025
1204 0.480742 0.00108923  1.2244    0.150738
1205 0.379122 0.000933501 0.241169  0.0668906
1404 0.465936 0.000754449 0.881196  0.0904196
1405 0.36496  0.000644306 0.120585  0.0334447
1604 0.454549 0.000742274 0.649302  0.0776133
1605 0.354421 0.000632479 0.0834817 0.0278276
1804 0.444453 0.000462945 0.36044 0.0365989
1805 0.345104 0.000393657 0.0743175 0.0166181
2004 0.436039 0.000457204 0.286122 0.0326079
2005 0.337358 0.000388091 0.0631699 0.0153211
2404 0.42111 0.000446964 0.174646 0.0254753
2405 0.323662 0.000378177 0.0557381 0.0143916

804  10 0.5247   9.83229  
805  10 0.421133 3.52478  
1004 10 0.497742 2.34213  
1005 10 0.396008 0.695681 
1204 10 0.480742 1.2244   
1205 10 0.379122 0.241169 
1404 10 0.465936 0.881196 
1405 10 0.36496  0.120585 
1604 10 0.454549 0.649302 
1605 10 0.354421 0.0834817
1804 10 0.444416 0.37103  
1805 10 0.345034 0.0649302
2004 10 0.436004 0.296824 
2005 10 0.337273 0.0556545
2404 10 0.421026 0.171601 
2405 10 0.32355  0.0556545

